106

% ^ Number of troopers, from (0-16)

% Sprite Turn Speed  ObsD ObsN Weap Def Health   xsiz ysiz fly signature

%%%%%%%%%%%%%%%%%%%%%%%%%%%%%%%%%%%%%%%%%%%%%%%%%%%%%%%%%%%%%%%%%%%%%%%%%%%%
%
% Human troops
%
%%%%%%%%%%%%%%%%%%%%%%%%%%%%%%%%%%%%%%%%%%%%%%%%%%%%%%%%%%%%%%%%%%%%%%%%%%%%

% Security troops (0)

TRSC      0  10  25  7   4   1  2  3  125 150  0   800 0 31 0 0 0 0 0 0 0 0   0 0  0   0   0    0    0    0    8   0

% Turret Tower (1)

TURR      0  10  15  7   4  -1 -1 -1  125 150  0   800 0  0 0 0 0 0 0 0 1 32  0 0  0   0   0    2    0    0    9   0

% mech (2)

REAP      0  10  30  7   4   7  8  9  125 150  1   800 0 31 0 0 0 0 0 0 1 32  0 0  0   0   0    0    0    0    10  0

% Thunderbolt (Mortar)  (3)

BARR      0   5  15  7   4  10 11 12  125 150  3   400 0 31 0 0 0 0 0 1 1 32  0 0  0   0   0    0    3    0    11  0 

% Cyborg (4)

SARG      0  10  45 10  10  13 14 14  125 150  4   800 0 31 0 1 0 0 0 0 3 96  0 1  4   0   0    5    129  50   12  0

% Scout (VTOL) (5)

SCGM      0  10  47  8   8  37 44 45  125 150  2   800 1 31 0 0 0 0 0 0 2 216 1 0  0   0   0    0    0    0    13  0

% Exploiter (6)

EXPL      0  10  40  6   4  -1 -1 -1  125 150  5   800  0 0 0 0 0 0 0 1 2 160 0 0  0   0   0    0    0    0    14  0

% Carry All (7)

ATRIL     0  10  28  6   4  -1 -1 -1  125 150  5   800  0 0 0 0 0 0 0 0 0 0   0 0  0   0   0    0    0    0    15  0

%%%%%%%%%%%%%%%%%%%%%%%%%%%%%%%%%%%%%%%%%%%%%%%%%%%%%%%%%%%%%%%%%%%%%%%%%%%%
%
% Alien troops
%
%%%%%%%%%%%%%%%%%%%%%%%%%%%%%%%%%%%%%%%%%%%%%%%%%%%%%%%%%%%%%%%%%%%%%%%%%%%%

% Grey Warrior (8)
% NOTE: day/night vision radii reversed

GRAY      1  10  25  4   7  15 16 17  125 150  0   800 0 31 0 0 0 0 0 0 0 216 0 0  0   0   0    0    0    0    0   0

% Grey Elite (9)
XENO      1  10  15  4   7  -1 -1 -1  125 150  0   800  0 0 0 0 0 0 0 0 1 32  0 0  0   0   0    2    0    0    1   0


% Scyth Demon (10)

SCYT      1  10  36  4   7  21 22 23  125 150  1   800 0 31 0 0 0 0 0 0 1 32  0 0  0   0   0    0    0    0    2   0

% Atril (11)

ATRIL     1   5  15  4   7  24 25 26  125 150  3   400 0 31 0 0 0 0 0 1 1 32  0 0  0   0   0    0    3    0    3   0

% Psy-raider (12)

PSYC      1  10  47  10 10  30 27 28  125 150  4   800 0 31 0 1 0 0 0 0 3 0   0 1  4   0   0    5    2    51   4   0

% Saucer Scout (13)

ORTU      1  10  47  8   8  37 44 45  125 150  2   800 1 31 0 0 0 0 0 0 2 128 1 0  0   0   0    0    0    0    5   0

% Worker (14)

SLUG      1  10  40  4   6  -1 -1 -1  125 150  5   800  0 0 0 0 0 0 0 1 2 128 0 0  0   0   0    0    0    0    6   0

% Gray Carry All (15)

ATRIL     1  30  28  4   6  -1 -1 -1  125 150  5   800  0 0 0 0 0 0 0 0 0 0   0 0  0   0   0    0    0    0    7   0 


%%%%%%%%%%%%%%%%%%%%%%%%%%%%%%%%%%%%%%%%%%%%%%%%%%%%%%%%%%%%%%%%%%%%%%%%%%%%
%
% Human Buildings
%
%%%%%%%%%%%%%%%%%%%%%%%%%%%%%%%%%%%%%%%%%%%%%%%%%%%%%%%%%%%%%%%%%%%%%%%%%%%%

% Human exco center (16)

EXCOPOD   0   0   0  9   6  -1 -1 -1  120 140  9  4800  1 0 0 0 0 0 0 0 0 0   0 2  0   0   0    0    0    0    28  0

% Barracks (17)

BRRKPOD   0   0   0  9   6  -1 -1 -1  120 140  9  2400  1 0 0 0 0 0 0 0 0 0   0 2  0   0   0    0    0    0    29  0 

% Robot Factory 1 (18)

ROBOPOD   0   0   0  9   6  -1 -1 -1  120 140  9  2400  1 0 0 0 0 0 0 0 0 0   0 2  0   0   0    0    0    0    30  0

% Robot Factory 2 (19)

ROBOPOD2  0   0   0  9   6  -1 -1 -1  120 140  9  3600  1 0 0 0 0 0 0 0 0 0   0 2  0   0   0    0    0    0    31  0

% Science Pod 1 (20)

SCNCPOD   0   0   0  9   6  -1 -1 -1  120 140  9  2400  1 0 0 0 0 0 0 0 0 0   0 2  0   0   0    0    0    0    32  0

% Science Pod 2 (21)

SCNCPOD2  0   0   0  9   6  -1 -1 -1  120 140  9  3600  1 0 0 0 0 0 0 0 0 0   0 2  0   0   0    0    0    0    33  0

% Research Pod 1 (22)

RSCHPOD   0   0   0  9   6  -1 -1 -1  120 140  9  3600  1 0 0 0 0 0 0 0 0 0   0 2  0   0   0    0    0    0    34  0

% salimander (23)

SALY      1  25  25  4   6  48 48 48  120 140  0   750  0 0 0 0 0 0 0 0 0 0   0 0  0   0   0    0    0    0    -1  0

% batt (24)

AVII      1  25  35  4   6  53 53 53  120 140  2   250  1 0 0 0 0 0 0 0 0 0   0 0  0   0   0    0    0    0    -1  0

% Desert level renat (25)

RNAT      1  25  30  4   6  48 48 48  120 140  0   750  0 0 0 0 0 0 0 0 0 0   0 0  0   0   0    0    0    0    -1  0

% Desert spider (26)

SPID      1  25  45  4   6  49 49 49  120 140  0   750  0 0 0 0 0 0 0 0 0 0   0 0  0   0   0    0    0    0    -1  0

% Human escort guy (27)

ATRIL     0  10  24  6   4  -1 -1 -1 120 140   0   800  0 0 0 0 0 0 0 0 0 0   0 0  0   0   0    0    0    0    -1  0 


%%%%%%%%%%%%%%%%%%%%%%%%%%%%%%%%%%%%%%%%%%%%%%%%%%%%%%%%%%%%%%%%%%%%%%%%%%%%
%
% Gray Buildings
%
%%%%%%%%%%%%%%%%%%%%%%%%%%%%%%%%%%%%%%%%%%%%%%%%%%%%%%%%%%%%%%%%%%%%%%%%%%%%

% Alien MIND HIVE (28)

BIOHIV    1   0   0  6   9  -1 -1 -1  120 140  9  4800  1 0 0 0 0 0 0 0 0 0   0 2  0   0   0    0    0    0    16  0

% Warrior Hive (29)

WARHIVE   1   0   0  6   9  -1 -1 -1  120 140  9  2400  1 0 0 0 0 0 0 0 0 0   0 2  0   0   0    0    0    0    17  0 

% Breeder hive 1 (30)

BRDRHIV   1   0   0  6   9  -1 -1 -1  120 140  9  2400  1 0 0 0 0 0 0 0 0 0   0 2  0   0   0    0    0    0    18  0

% Breeder hive 2 (31)

BRDRHIV2  1   0   0  6   9  -1 -1 -1  120 140  9  3600  1 0 0 0 0 0 0 0 0 0   0 2  0   0   0    0    0    0    19  0

% Science Pod 1 (32)

MINDHIV   1   0   0  6   9  -1 -1 -1  120 140  9  2400  1 0 0 0 0 0 0 0 0 0   0 2  0   0   0    0    0    0    20  0

% Science Pod 2 (33)

MNDHIV2   1   0   0  6   9  -1 -1 -1  120 140  9  3600  1 0 0 0 0 0 0 0 0 0   0 2  0   0   0    0    0    0    21  0 

% Research Pod 1 (34)

RSCHIV    1   0   0  6   9  -1 -1 -1  120 140  9  3600  1 0 0 0 0 0 0 0 0 0   0 2  0   0   0    0    0    0    22  0

% Research Pod 2 (35)

RSCHIV    1   0   0  6   9  -1 -1 -1  120 140  9   400  1 0 0 0 0 0 0 0 0 0   0 0  0   0   0    0    0    0    -1  0

% grub (36)

GRUB      1  25  15  4   6  54 54 54  120 140  0   750  0 0 0 0 0 0 0 0 0 0   0 0  0   0   0    0    0    0    -1  0

% Alien artifact site (37)

POOP      -1  0   0  4   4  -1 -1 -1  120 140  6   300  0 0 0 0 1 0 0 0 0 0   0 0  0   0   0    0    0    0    -1  0

% Defense Node 2 (38)

RNAT      1   5   0  4   9  35 35 35  120 140  6   750  0 0 0 0 0 0 0 0 0 0   0 0  0   0   0    0    0    0    -1  0

% Defense Node 3 (39)

ATRIL     0  10  24  6   4  -1 -1 -1  120 140  0   800  0 0 0 0 0 0 0 0 0 0   0 0  0   0   0    0    0    0    -1  0

%%%%%%%%%%%%%%%%%%%%%%%%%%%%%%%%%%%%%%%%%%%%%%%%%%%%%%%%%%%%%%%%%%%%%%%%%%%%
%
% Misc Items
%
%%%%%%%%%%%%%%%%%%%%%%%%%%%%%%%%%%%%%%%%%%%%%%%%%%%%%%%%%%%%%%%%%%%%%%%%%%%%

% LAR (40)

VENT      -1  0   0  4   4  -1 -1 -1  120 140  6   300  0 0 0 0 1 0 0 0 0 0   0 0  0   0   0    0    0    0    -1  0

% Human mobile tower (41)

T         0   5   0  9   5  34 35 36  125 150  6   800  0 15 0 0 1 0 0 0 1 0  0 0  0   0   0    0    0    0    42  0 

% Alien mobile tower (42)

XDEPLOY   1   5   0  5   9  40 41 42  125 150  6   800  0 15 0 0 1 0 0 0 1 0  0 0  0   0   0    0    0    0    41  0

% Human mine guy     (43)

ENGI      0  15  30  6   4  -1 -1 -1  120 140  5   800  0 0 0 1 0 0 0 0 0 0   0 0  0   0   0    3    0    0    44  0 

% Alien mine guy     (44)

SLOM      1  15  30  4   6  -1 -1 -1  120 140  5   800  0 0 0 1 0 0 0 0 0 216 0 0  0   0   0    3    0    0    43  0 

% Human mine (45)

HMINE     0  40   0  6   4  38 38 38  120 140  7   800  0 0 1 0 0 0 0 0 0 0   0 0  0   0   0    0    0    0    46  0

% Alien mine (46)

HMINE     1  40   0  4   6  38 38 38  120 140  7   800  0 0 1 0 0 0 0 0 0 0   0 0  0   0   0    0    0    0    45  0

% Human mining tower (47)

EDPLY     0  40   0  8   5  -1 -1 -1  120 140  6   800  0 0 0 0 1 0 0 0 0 0   0 0  0   0   0    7    0    0    47  0

% Alien mining tower (48)

SDPL      1  40   0  5   8  -1 -1 -1  120 140  6   800  0 0 0 0 1 0 0 0 0 0   0 0  0   0   0    7    0    0    46  0

% Human healing unit (49)

BEON      0  10  47  5   3  -1 -1 -1  125 150  2   400  1 7 0 0 0 1 1 0 2 160 1 0  1   0   0    0    0    0    50  0

% Alien healing unit (50)

ZISP      1  10  47  3   5  -1 -1 -1  125 150  2   400  1 7 0 0 0 1 1 0 2 160 1 0  1   0   0    0    0    0    49  0

% LIGHT (51)

ONEF     -1   0   0  4   4  -1 -1 -1  120 140  6   300  0 0 0 0 0 0 0 0 0 0   0 0  0   0   0    0    0    0    -1  1

% LIGHT (52)

ONEF     -1   0   0  4   4  -1 -1 -1  120 140  6   300  0 0 0 0 0 0 0 0 0 0   0 0  0   0   0    0    0    0    -1  1

% LIGHT (53)

ONEF     -1   0   0  4   4  -1 -1 -1  120 140  6   300  0 0 0 0 0 0 0 0 0 0   0 0  0   0   0    0    0    0    -1  1

% LIGHT (54)

TWOF     -1   0   0  4   4  -1 -1 -1  120 140  6   300  0 0 0 0 0 0 0 0 0 0   0 0  0   0   0    0    0    0    -1  1

% LIGHT (55)

TWOF     -1   0   0  4   4  -1 -1 -1  120 140  6   300  0 0 0 0 0 0 0 0 0 0   0 0  0   0   0    0    0    0    -1  1

% LIGHT (56)

TWOF     -1   0   0  4   4  -1 -1 -1  120 140  6   300  0 0 0 0 0 0 0 0 0 0   0 0  0   0   0    0    0    0    -1  1 

% LIGHT (57)

ONEF     -1   0   0  4   4  -1 -1 -1  120 140  6   300  0 0 0 0 0 0 0 0 0 0   0 0  0   0   0    0    0    0    -1  1 

% LIGHT (58)

ONEF     -1   0   0  4   4  -1 -1 -1  120 140  6   300  0 0 0 0 0 0 0 0 0 0   0 0  0   0   0    0    0    0    -1  1

% LIGHT (59)

ONEF     -1   0   0  4   4  -1 -1 -1  120 140  6   300  0 0 0 0 0 0 0 0 0 0   0 0  0   0   0    0    0    0    -1  1

% LIGHT (60)

TWOF     -1   0   0  4   4  -1 -1 -1  120 140  6   300  0 0 0 0 0 0 0 0 0 0   0 0  0   0   0    0    0    0    -1  1 

% LIGHT (61)

TWOF     -1   0   0  4   4  -1 -1 -1  120 140  6   300  0 0 0 0 0 0 0 0 0 0   0 0  0   0   0    0    0    0    -1  1 

% LIGHT (62)

TWOF     -1   0   0  4   4  -1 -1 -1  120 140  6   300  0 0 0 0 0 0 0 0 0 0   0 0  0   0   0    0    0    0    -1  1 

% Lens artifact (63)

LENS     0   10  47  8   8  46 46 46  125 150  2   400  1 7 0 0 0 0 0 0 1 216 1 0  0   0   0    7    0    0    -1  0 

% maktor artifact (64)

MAKT     0   10  47  8   8  -1 -1 -1  125 150  2   400  1 7 0 0 0 0 0 0 1 216 1 0  0   0   0    7    0    0    -1  0 

% lunatek artifact (65)

LUNA     0   10  47  8   8  -1 -1 -1  125 150  2   400  1 7 0 0 0 0 0 0 1 216 1 0  0   0   0    7    0    0    -1  0 

% Pinball (66)

HYYK     0   10  47  8   8  -1 -1 -1  125 150  2   400  1 7 0 0 0 0 0 0 1 216 1 0  0   0   0    7    0    0    -1  0 

% Tektarra 67

TEKT     0   10  47  8   8  -1 -1 -1  125 150  2   400  1 7 0 0 0 0 0 0 1 216 1 0  0   0   0    7    0    0    -1  0 

% Ultimate artifact 68

TOXX     0   25  47  9   9  47 47 47  125 150  2  1600 1 15 0 0 0 0 0 0 1 0   0 0  0   0   0    0    0    0    -1  0

% Human leutenant 69

TRSC     0   10  47  10  8   5  8  6  125 150  6   800  0 15 0 0 0 0 0 0 0 96  0 12 1   130 6    196  0   -1    73  0

% Human captain 70

TRSC     0   10  47  10  8   5 10  8  125 150  6   800  0 15 0 0 0 0 0 0 0 96  0 28 1   140 8    196  132  57   74  0

% Human major 71

TRSC     0   10  47  10  8   5 12 10  125 150  6   800  0 15 0 0 0 0 0 0 0 96  0 44 1   150 10   196  132  58   75  0

% Human colonal 72

TRSC     0   10  47  10  8   5 14 12  125 150  6   800  0 15 0 0 0 0 0 0 0 96  0 60 1   160 12   196  132  59   76  0 


% Alien leutenant 73

GRAY     1   10  47  8  10   62 8  6  125 150  6   800  0 15 0 0 0 0 0 0 0 0   0 12 1   130 6    196  0    -1   69  0

% Alien captain 74

GRAY     1   10  47  8  10  62 10  8  125 150  6   800  0 15 0 0 0 0 0 0 0 0   0 28 1   140 8    196  134  60   70  0

% Alien major 75

GRAY     1  10  47  8  10   62 12 10  125 150  6   800  0 15 0 0 0 0 0 0 0 0   0 44 1   150 10   196  134  63   71  0

% Alien kernal 76

GRAY     1  10  47  8  10   62 14 12  125 150  6   800  0 15 0 0 0 0 0 0 0 0   0 60 1   160 12   196  134  64   72  0

% Stealing Cyborg 77

SARGSTL  0   10   0  10 10  -1 -1 -1  125 150  4   800  0 1 0 1 0 0 0 0 0 0   0 0  0   0   0    5    0    0    78  0

% Stealing Psy-raider (78)

PSYCSTL  1   10   0  10 10  -1 -1 -1  125 150  4   800  0 1 0 1 0 0 0 0 0 0   0 0  0   0   0    5    0    0    77  0


% GROUND DRONE (79)

GRND     0   10  25   7  4  55  2  3  125 150  0     5  0 7 0 0 0 0 0 0 0 0   0 0  0   0   0    0    0    0    -1  0

% AIR DRONE (80)

AIRD     0   10  47   8  8  56 44 45  125 150  2     5  1 7 0 0 0 0 0 0 2 216 1 0  0   0   0    0    0    0    -1  0

% Tower in center of city (81)

TOWR     0    0   0   9  6  -1 -1 -1  120 140  8  1600  1 0 0 0 0 0 0 0 0 0   0 2  0   0   0    0    0    0    -1  1

% Salad shooter (82)

SALA     0   40   0   8  5  -1 -1 -1  120 140  6   800  0 0 0 0 0 0 0 0 0 0   0 0  0   0   0    0    0    0    -1  0

% CRYO CHAMBER (83)

CRYO     0   40   0   8  5  -1 -1 -1  120 140  6   800  0 0 0 0 0 0 0 0 0 0   0 0  0   0   0    0    0    0    -1  0 

% DROP BECON (84)

BEAC     0   40   0   8  5  -1 -1 -1  120 140  8   800  0 0 0 0 0 0 0 0 0 0   0 0  0   0   0    0    0    0    -1  1 

% FUEL (85)

FUEL     0   40   0   8  5  -1 -1 -1  120 140  8   800  0 0 0 0 0 0 0 0 0 0   0 0  0   0   0    0    0    0    -1  1 

% COM TOWER (86)

DISH     0   40   0   8  5  -1 -1 -1  120 140  6   800  0 0 0 0 0 0 0 0 0 0   0 0  0   0   0    0    0    0    -1  0 

% FETUS INCUBATOR (87)

FETU     0   40   0   8  5  -1 -1 -1  120 140  6   800  0 0 0 0 0 0 0 0 0 0   0 0  0   0   0    0    0    0    -1  0 

% ALIEN TORTURE RACK (88)

TORT     0   40   0   8  5  -1 -1 -1  120 140  0   800  0 0 0 0 0 0 0 0 0 0   0 0  0   0   0    0    0    0    -1  0 

% dropship mind link (89)

CENT     0   40   0   8  5  -1 -1 -1  120 140  8   800  0 0 0 0 0 0 0 0 0 0   0 0  0   0   0    0    0    0    -1  1 

% psy-energy store (90)

FILL     0   40   0   8  5  -1 -1 -1  120 140  8   800  0 0 0 0 0 0 0 0 0 0   0 0  0   0   0    0    0    0    -1  8 

% Alien com tower (91)

TONG     0   40   0   8  5  -1 -1 -1  120 140  6   800  0 0 0 0 0 0 0 0 0 0   0 0  0   0   0    0    0    0    -1  0

% Human drop ship (92)

DROP     0   10  50   8  8  -1 -1 -1  125 150  2   800  1 7 0 0 0 0 0 0 2 216 1 0  0   0   0    0    0    0    -1  0

% Alien drop ship (93)

SAUC     0   10  50   8  8  -1 -1 -1  125 150  2   800  1 7 0 0 0 0 0 0 2 216 1 0  0   0   0    0    0    0    -1  0

% Vision sight (94)

DOTT     -1   0   0   8  8  -1 -1 -1  120 140  8   300  7 0 0 0 0 0 0 0 0 0   0 0  0   0   0    0    0    0    -1  1

% DEACTIVATED DROP BECON (95)

BEEK     0   40   0   8  5  -1 -1 -1  120 140  8   800  0 0 0 0 0 0 0 0 0 0   0 0  0   0   0    0    0    0    -1  1 

% PCFORMAT MAG STACK (96)

PCFO     0   40   0   8  5  -1 -1 -1  120 140  6   800  0 0 0 0 0 0 0 0 0 0   0 0  0   0   0    0    0    0    -1  0 

% ALIEN EYE (97)

WATC     0   40   0   8  8  -1 -1 -1  120 140  8   800  0 0 0 0 0 0 0 0 0 0   0 0  0   0   0    0    0    0    -1  1

% CAMMCORDER (98)

CAM      0   40   0   8  8  -1 -1 -1  120 140  8   800  0 0 0 0 0 0 0 0 0 0   0 0  0   0   0    0    0    0    -1  1

% FUEL 500 (99)

FUEL     0   40   0   8  5  -1 -1 -1  120 140  8   500  0 0 0 0 0 0 0 0 0 0   0 0  0   0   0    0    0    0    -1  1 

% FUEL 5000 (100)

FUEL     0   40   0   8  5  -1 -1 -1  120 140  8  5000  0 0 0 0 0 0 0 0 0 0   0 0  0   0   0    0    0    0    -1  1 

% psy-energy store 5000 (101)

FILL     0   40   0   8  5  -1 -1 -1  120 140  8  5000  0 0 0 0 0 0 0 0 0 0   0 0  0   0   0    0    0    0    -1  1 

% psy-energy store 10,000 (102)

FILL     0   40   0   8  5  -1 -1 -1  120 140  8 10000  0 0 0 0 0 0 0 0 0 0   0 0  0   0   0    0    0    0    -1  1

% GROUND DRONE (103)

DROA     0   10  25   7  4  55  2  3  125 150  0     5  0 7 0 0 0 0 0 0 0 0   0 0  0   0   0    0    0    0    -1  0

% AIR DRONE (104)

SHRI     0   10  47   8  8  56 44 45  125 150  2     5  1 7 0 0 0 0 0 0 2 216 1 0  0   0   0    0    0    0    -1  0

% Alien Ultimate artifact (105)

PORT     1   25  47  9   9  47 47 47  125 150  2  3200 1 15 0 0 0 0 0 0 1 0   0 0  0   0   0    0    0    0    -1  0

